np.array([[192702,-2225.9,-92815.2,0,0,0,0,0,0,-5.00296e-13,1.50089e-12,-1699.99,-1215.34,1215.34,-1218.97,871.759,-1.00059e-12,41844.4,0,0,0,0,0,0,0,0,0,0,0,0,-41844.4,-59551.5,41844.4,0,0,0,0,0,0,0,0,0,-42716.2,-59551.5,60766.8,0,0,0,0,0,0,0,0,0,0,0,0,-343.577,59551.5,-94397.9,0,0,0,0,0,-1215.34],
[-2225.9,456587,-287699,0,0,0,0,0,0,62971.8,-102268,-117561,-121534,61982.2,-2437.94,86304.1,57002.9,43587.9,0,0,0,0,0,0,0,0,0,0,0,0,-14823.8,-74322.4,-27843.3,0,0,0,0,0,0,0,0,0,13850,18503.7,-61180.9,0,0,0,0,0,0,0,0,0,0,0,0,164250,-1215.34,-153145,0,0,0,0,-59551.5,60766.8],
[-92815.2,-287699,288507,0,0,0,0,0,0,-43931.5,42716.2,85566.2,120318,-60766.8,1633.09,-86304.1,-16491.7,-42716.2,0,0,0,0,0,0,0,0,0,0,0,0,43587.9,58679.7,871.759,0,0,0,0,0,0,0,0,0,0,0,1215.34,0,0,0,0,0,0,0,0,0,0,0,0,-104355,-59551.5,152340,0,0,0,0,0,-804.858],
[0,0,0,91092,-3306.44,-82138.9,0,0,0,0,0,0,0,0,0,0,0,0,0,0,0,0,0,0,-3306.44,2.777e-13,0,0,0,0,0,0,0,0,0,0,0,-1.17154e-13,8.9064e-12,0,0,0,0,0,0,-170865,-1.78128e-13,170865,0,0,0,4.60399e-12,-117015,114674,0,0,0,0,0,0,0,0,0,0,0,0],
[0,0,0,-3306.44,186616,-7340.63,0,0,0,0,0,0,0,0,0,0,0,0,0,0,0,0,0,0,0,-114674,114674,0,0,0,0,0,0,0,0,0,-2340.29,-168629,-249817,0,0,0,0,0,0,241403,3487.04,4926.6,0,0,0,-7340.63,2340.29,0,0,0,0,0,0,0,0,0,0,0,0,0],
[0,0,0,-82138.9,-7340.63,93476.2,0,0,0,0,0,0,0,0,0,0,0,0,0,0,0,0,0,0,-2340.29,9.82776e-12,-9.6312e-12,0,0,0,0,0,0,0,0,0,-1656.45,1.41627e-11,4926.6,0,0,0,0,0,0,170865,0,-175791,0,0,0,-4.22901e-12,114674,-114674,0,0,0,0,0,0,0,0,0,0,0,0],
[0,0,0,0,0,0,177158,189612,-39056.9,0,0,0,0,0,0,-76278.9,-38139.5,58765.9,-28096.9,0,-30538.3,-28096.9,-3.51631e-13,-56827.8,0,0,0,0,0,0,-56827.8,56065,-1175.32,0,0,0,0,0,0,0,0,0,-28474,-38917.8,38139.5,0,0,0,-1099.69,28730.9,-57987.5,0,0,0,0,0,0,0,0,0,-57927.5,45541.2,-54568.3,0,0,0],
[0,0,0,0,0,0,189612,287490,-56084,0,0,0,0,0,0,-112168,-57413.3,2.09253e-12,-38917.8,778.356,-38139.5,-41359.2,-4.77313e-13,-81148.3,0,0,0,0,0,0,-80288.2,160576,1638.53,0,0,0,0,0,0,0,0,0,0,778.356,0,0,0,0,0,42148.7,-80288.2,0,0,0,0,0,0,0,0,0,-81091,65801.9,-81926.7,0,0,0],
[0,0,0,0,0,0,-39056.9,-56084,176711,0,0,0,0,0,0,-60966.9,-56635,-4452.39,38139.5,0,38139.5,-9.74108e-15,0,80288.2,0,0,0,0,0,0,-81926.7,81926.7,2813.85,0,0,0,0,0,0,0,0,0,0,0,0,0,0,0,-778.356,-80288.2,80288.2,0,0,0,0,0,0,0,0,0,-778.356,-118118,778.356,0,0,0],
[-2.51396e-13,31643.1,-22075.4,0,0,0,0,0,0,159933,-68505.4,-22485.6,-50475,50475,21464.7,-19295.4,-29138.3,44336.7,0,0,0,0,0,0,0,0,0,-21464.7,21902.8,-21902.8,9670.09,-34571.8,24581.1,-13924.9,21322.6,18617.8,14505.1,14420.4,-35613.7,0,-208.09,-290.103,0,0,0,-106216,16631.5,17979.7,0,0,0,0,-21193.3,-413.424,290.103,0,0,0,0,0,0,0,0,0,0,0],
[7.54189e-13,-51389.1,21464.7,0,0,0,0,0,0,-68505.4,196688,43412.6,7159.37,-13132.6,-30535.1,-10119.3,-31941.4,-16440.6,0,0,0,0,0,0,0,0,0,-21292.1,-29048.3,51561.7,-28430.1,33077.5,-4036.68,580.206,35969.8,-48060.4,0,-205.334,205.334,-922.159,-14215,-922.159,0,0,0,15739.8,-29313.7,-28.1885,0,0,0,0,-20626.3,-909.945,14215,0,0,0,0,0,0,0,0,0,0,0],
[-854.236,-59073.9,42996.6,0,0,0,0,0,0,-22485.6,43412.6,225649,100466,-72473.9,1048.76,-43777,-78087.2,-27529.3,0,0,0,0,0,0,0,0,0,-4505.14,-22110.9,-22041.8,-14601.8,20645,-7272.73,-21612.7,21180.4,-20748.2,21180.4,-1.86544e-14,-29924.4,438.055,14215,900.804,0,0,0,-18213,49690.2,-21641.9,0,0,0,0,-30973.1,1221.4,-25117.7,14215,-14215,0,0,0,0,0,0,0,0,0],
[-1388.96,-138896,137507,0,0,0,0,0,0,-114798,16283,228496,415589,-318275,-1393.11,-129644,-162829,-69497.5,0,0,0,0,0,0,0,0,0,69447.8,-5.83274e-12,1388.96,0,0,0,0,0,0,0,0,0,0,0,0,0,0,0,68718.6,68058.8,48818.5,0,0,0,0,0,0,0,0,-2097.32,-48818.5,-66669.9,1.75031e-12,0,0,0,0,0,0],
[1388.96,70836.7,-69447.8,0,0,0,0,0,0,114798,-29868.3,-164832,-318275,428998,66643.2,116454,66438.8,18686.5,0,0,0,0,0,0,0,0,0,-137507,68058.8,-70367.6,0,0,0,0,0,0,0,0,0,0,0,0,0,0,0,-70107.6,-67062.5,-191448,0,0,0,0,0,0,0,0,0,97637,136118,-67143.2,0,0,0,0,0,0],
[-1393.11,-2786.22,1866.38,0,0,0,0,0,0,48818.5,-69447.8,2385.25,-1393.11,66643.2,112982,-1992.59,-6.01159e-14,2385.25,0,0,0,0,0,0,0,0,0,-107883,106963,-107883,0,0,0,0,0,0,0,0,0,0,0,0,0,0,0,-1388.96,-996.296,-48268.8,0,0,0,0,0,0,0,0,1388.96,0,0,0,0,0,0,0,0,0],
[351.028,34751.8,-34751.8,0,0,0,-22782,-33500.9,-18208.8,-15462,-8108.96,-35080,-45677.8,41030.8,-702.057,146743,129041,-51374.4,0,0,0,2999.39,1.42557e-13,-9120.76,-8391.6,1.128e-13,-16972.6,0,0,0,41616.9,-13497,-12359.4,-29252.9,14258.5,-28167.5,0,0,0,0,0,0,-8504.23,-12362.4,-232.469,697.408,-11391,-17551.4,0,0,0,0,0,0,0,0,0,19895.2,12088.4,-11855.9,14930.9,-4496.82,-8598.91,0,0,0],
[-4.02905e-13,22953.2,-6640.66,0,0,0,-11391,-17147.4,-16915,-23349.5,-25595.7,-62573.9,-57370,23408.6,-2.11808e-14,129041,286989,-33891.7,0,0,0,-11391,232.469,-11623.5,-12352.6,1.53117e-13,-24236.3,0,0,0,56289.8,8114.79,-16092.1,-57884.6,-8653.12,-60328.5,0,0,0,0,0,0,-8504.23,-11557.7,-9.76224e-13,-16629.6,-33676,17200.4,0,0,0,0,0,0,0,0,0,-5617.49,-23014.4,23597.9,-23014.4,12820.9,-1197.43,0,0,0],
[16849.4,17551.4,-17200.4,0,0,0,17551.4,6.24969e-13,-1329.78,35528.5,-13174.4,-22060.1,-24486.3,6583.86,840.404,-51374.4,-33891.7,138749,0,0,0,11391,346.379,11044.6,3.12484e-15,0,23979.4,0,0,0,-27255.2,-31854.8,-376.63,-629.479,-35278,23479.4,0,0,0,0,0,0,-8696.15,-12845.3,24211.9,-36138.9,386.401,16083.3,0,0,0,0,0,0,0,0,0,-9243.19,-11855.9,-6160.43,-464.938,-24307.8,24047.3,0,0,0],
[0,0,0,0,0,0,-84479.2,-117015,114674,0,0,0,0,0,0,0,0,0,98432.7,-6612.88,-7340.63,-2340.29,2340.29,0,0,0,0,0,0,0,0,0,0,0,0,0,0,0,0,0,0,0,0,0,0,0,0,0,0,-170865,170865,0,0,0,0,0,0,0,0,0,-1.17154e-13,5827.33,-3487.04,0,0,0],
[0,0,0,0,0,0,0,2340.29,0,0,0,0,0,0,0,0,0,0,-6612.88,6612.88,0,2340.29,-2340.29,0,0,0,0,0,0,0,0,0,0,0,0,0,0,0,0,0,0,0,0,0,0,0,0,0,0,0,0,0,0,0,0,0,0,0,0,0,1.17154e-13,-2340.29,0,0,0,0],
[0,0,0,0,0,0,-91819.8,-114674,114674,0,0,0,0,0,0,0,0,0,-7340.63,0,99160.4,0,0,170865,0,0,0,0,0,0,0,0,0,0,0,0,0,0,0,0,0,0,0,0,0,0,0,0,0,-8.72801e-12,3487.04,0,0,0,0,0,0,0,0,0,0,-174352,4.91788e-13,0,0,0],
[0,0,0,0,0,0,-42239.6,-62177.6,-1.46443e-14,0,0,0,0,0,0,15097.6,-57337.2,57337.2,-1170.15,1170.15,0,97607.7,-4134.67,-2860.24,-1170.15,1170.15,0,0,0,0,0,0,0,1.46443e-14,2913.66,-1743.52,0,0,0,0,0,0,0,0,0,0,0,0,0,0,0,0,0,0,0,0,0,0,0,0,82969.1,-170865,85432.4,0,0,0],
[0,0,0,0,0,0,-5.28626e-13,-7.17571e-13,0,0,0,0,0,0,0,7.17571e-13,1170.15,1743.52,1170.15,-1170.15,0,-4134.67,7804.98,-3670.32,1170.15,-1170.15,0,0,0,0,0,0,0,-1.46443e-14,-1170.15,0,0,0,0,0,0,0,0,0,0,0,0,0,0,0,0,0,0,0,0,0,0,0,0,0,1.091e-12,-9.87558e-13,-1743.52,0,0,0],
[0,0,0,0,0,0,-85432.4,-121995,120702,0,0,0,0,0,0,-45909.9,-58507.3,55593.6,0,0,85432.4,-2860.24,-3670.32,243743,0,0,85432.4,0,0,0,0,0,0,0,-87175.9,0,0,0,0,0,0,0,0,0,0,0,0,0,0,0,0,0,0,0,0,0,0,0,0,0,-1653.22,-187186,3487.04,0,0,0],
[0,0,0,-1653.22,0,-1170.15,0,0,0,0,0,0,0,0,0,-42239.6,-62177.6,1.57291e-14,0,0,0,-1170.15,1170.15,0,97607.7,-4498.54,-41429.5,0,0,0,0,0,0,84139.2,-28095.2,4.4532e-14,-483.075,-58507.3,-4.8156e-12,0,0,0,0,0,0,-26351.7,84859,-2.2266e-12,0,0,0,0,0,0,0,0,0,0,0,0,0,0,0,0,0,0],
[0,0,0,1.3885e-13,-57337.2,4.91388e-12,0,0,0,0,0,0,0,0,0,5.67783e-13,7.70725e-13,0,0,0,0,1170.15,-1170.15,0,-4498.54,54078.7,-49580.2,0,0,0,0,0,0,-1.07354e-12,1.17182e-12,-3487.04,-2.37127e-13,57337.2,85432.4,0,0,0,0,0,0,-87175.9,3487.04,1743.52,0,0,0,0,0,0,0,0,0,0,0,0,0,0,0,0,0,0],
[0,0,0,0,57337.2,-4.8156e-12,0,0,0,0,0,0,0,0,0,-85432.4,-121995,120702,0,0,0,0,0,85432.4,-41429.5,-49580.2,282312,0,0,0,0,0,0,-1653.22,-244523,3487.04,-1.3885e-13,0,-85432.4,0,0,0,0,0,0,170865,-88346,-1743.52,0,0,0,0,0,0,0,0,0,0,0,0,0,0,0,0,0,0],
[0,0,0,0,0,0,0,0,0,-56954.9,-56496.8,-11954,81022.4,-160424,-125864,0,0,0,0,0,0,0,0,0,0,0,0,684934,-251238,-123170,0,0,0,0,0,0,0,0,0,1162.35,158804,-81022.4,0,0,0,392.58,-58117.3,152398,0,0,0,-56954.9,79402,56954.9,-136357,79402,-81022.4,-37718.5,-54730.4,-2446.88,0,0,0,0,0,0],
[0,0,0,0,0,0,0,0,0,58117.3,-77077.3,-58669.4,-6.80486e-12,79402,124791,0,0,0,0,0,0,0,0,0,0,0,0,-251238,253968,-125895,0,0,0,0,0,0,0,0,0,-2324.69,0,-1620.45,0,0,0,-1554.93,2324.69,-58887,0,0,0,0,1162.35,1.68074e-28,56954.9,-77781.5,78328.8,0,0,0,0,0,0,0,0,0],
[0,0,0,0,0,0,0,0,0,-58117.3,136815,-58486.2,1620.45,-82095.6,-125864,0,0,0,0,0,0,0,0,0,0,0,0,-123170,-125895,378696,0,0,0,0,0,0,0,0,0,0,-158804,79402,0,0,0,1162.35,-1162.35,58117.3,0,0,0,56954.9,1620.45,-58575.4,79402,0,0,0,0,-1620.45,0,0,0,0,0,0],
[-24047.6,-8519.07,25049.6,0,0,0,-24223.5,-34223.7,-34922.1,11059.4,-32514.7,-16699.7,0,0,0,59396.2,80337.5,-38898.9,0,0,0,0,0,0,0,0,0,0,0,0,140708,-116518,6630.01,2.93302e-14,0,-259.521,0,0,0,0,0,0,-25473.7,-33525.2,-331.783,0,0,0,494.356,0,-494.356,0,0,0,0,0,0,17634.6,331.783,24786.6,494.356,24717.8,-988.712,0,0,0],
[-34223.7,-42712.4,33722.7,0,0,0,23898.3,68447.4,34922.1,-39538.8,37829.8,23611.1,0,0,0,-19263.1,11581.5,-45463.6,0,0,0,0,0,0,0,0,0,0,0,0,-116518,361777,-30521.4,-34922.1,-58447.1,-46007.7,0,0,0,0,0,0,37422.4,52190,-33525.2,0,0,0,0,-24223.5,0,0,0,0,0,0,0,-59234.8,722.866,34221.6,-24717.8,-82670.6,-28356.8,0,-24548.6,24548.6],
[24047.6,-16001.3,500.992,0,0,0,-500.992,698.443,1199.43,28112.7,-4616.64,-8317.62,0,0,0,-17639.5,-22966.8,-537.531,0,0,0,0,0,0,0,0,0,0,0,0,6630.01,-30521.4,41063,-698.443,24223.5,-8917.25,0,0,0,0,0,0,-13654.5,-16257.3,16257.3,0,0,0,-494.356,0,494.356,0,0,0,0,0,0,-15534.5,15534.5,-936.43,-1192.8,-494.356,519.959,-500.992,0,500.992],
[0,0,0,0,0,0,0,0,0,-22466.8,936.117,-34870.4,0,0,0,-58898.5,-116546,-1267.41,0,0,0,5.85772e-15,-5.85772e-15,0,33655.7,-4.29415e-13,-661.288,0,0,0,4.13772e-14,-49266,-985.32,135338,-61310.8,66485.8,-17363.9,-331.291,21466.7,0,0,0,0,0,0,82214.9,-229.349,1682.73,0,0,0,0,0,0,0,0,0,0,0,0,22885.7,22934.9,-23402.9,0,0,0],
[0,0,0,0,0,0,0,0,0,34402.3,58034.6,34172.9,0,0,0,28708.4,-17422.4,-71029.6,0,0,0,1165.47,-468.058,-34870.4,-11238.1,4.68726e-13,-97809.3,0,0,0,0,-82453.6,34172.9,-61310.8,309062,-23410,16895.8,-33257.6,-23402.9,0,0,0,0,0,0,-108546,25575.1,-1358.7,0,0,0,0,0,0,0,0,0,0,0,0,24856.3,22934.9,-23402.9,0,0,0],
[0,0,0,0,0,0,0,0,0,30038.4,-77541.7,-33475.5,0,0,0,-56713.1,-121467,47273.9,0,0,0,-697.407,0,0,1.78128e-14,-1394.81,1394.81,0,0,0,-366.116,-64904.9,-12579.9,66485.8,-23410,174772,-16895.8,-468.058,24388.2,0,0,0,0,0,0,-12632.9,46006.5,-992.579,0,0,0,0,0,0,0,0,0,0,0,0,34209.1,34172.9,-35201.6,0,0,0],
[0,0,0,0,-936.117,-662.582,0,0,0,46805.8,0,68345.9,0,0,0,0,0,0,0,0,0,0,0,0,-386.46,-1.89702e-13,-1.1108e-13,0,0,0,0,0,0,-34727.8,33791.7,-33791.7,37762,936.117,-47192.3,0,0,0,0,0,0,-68345.9,1.22847e-15,0,0,0,0,-2.58608e-15,-662.582,-936.117,0,0,0,0,0,0,0,0,0,0,0,0],
[0,0,0,-4.68618e-14,-67451.4,5.66507e-12,0,0,0,46532.3,-662.582,-6.0195e-14,0,0,0,0,0,0,0,0,0,0,0,0,-46805.8,45869.7,0,0,0,0,0,0,0,-662.582,-66515.3,-936.117,936.117,178828,57200.2,0,0,0,0,0,0,-69740.7,-93195.9,68345.9,0,0,0,-2936.25,-45869.7,-2936.25,0,0,0,0,0,0,0,0,0,0,0,0],
[0,0,0,3.56256e-12,-99926.8,1970.64,0,0,0,-114920,662.582,-96561.3,0,0,0,0,0,0,0,0,0,0,0,0,-3.85248e-12,68345.9,-68345.9,0,0,0,0,0,0,42933.5,-46805.8,48776.5,-47192.3,57200.2,262157,0,0,0,0,0,0,15806.4,-2633.22,-71639.1,0,0,0,1394.81,45869.7,2906.76,0,0,0,0,0,0,0,0,0,0,0,0],
[0,0,0,0,0,0,0,0,0,0,-7340.63,3487.04,0,0,0,0,0,0,0,0,0,0,0,0,0,0,0,3487.04,-6974.07,0,0,0,0,0,0,0,0,0,0,14681.3,0,0,0,0,0,0,0,0,0,0,0,0,-7340.63,0,0,0,0,0,0,0,0,0,0,0,0,0],
[0,0,0,0,0,0,0,0,0,-1656.45,-113155,113155,0,0,0,0,0,0,0,0,0,0,0,0,0,0,0,476412,0,-476412,0,0,0,0,0,0,0,0,0,0,330039,-164191,0,0,0,0,0,0,0,0,0,-115465,2309.3,113155,-164191,0,0,0,0,0,0,0,0,0,0,0],
[0,0,0,0,0,0,0,0,0,-2309.3,-7340.63,7170.64,0,0,0,0,0,0,0,0,0,0,0,0,0,0,0,-243067,-4861.35,238206,0,0,0,0,0,0,0,0,0,0,-164191,180529,0,0,0,0,0,0,0,0,0,113155,5.70358e-12,-113155,-1656.45,-7340.63,4861.35,0,0,0,0,0,0,0,0,0],
[-85432.4,27700,0,0,0,0,-42239.6,0,0,0,0,0,0,0,0,-42239.6,-42239.6,-43192.8,0,0,0,0,0,0,0,0,0,0,0,0,-88651.8,130235,-47519.6,0,0,0,0,0,0,0,0,0,175848,226311,-112001,0,0,0,0,0,0,0,0,0,0,0,0,1154.65,-57732.4,0,0,0,0,1743.52,85432.4,-87175.9],
[-119103,37007.4,0,0,0,0,-57732.4,1154.65,0,0,0,0,0,0,0,-61402.7,-57406,-63801.3,0,0,0,0,0,0,0,0,0,0,0,0,-116672,181628,-56577.7,0,0,0,0,0,0,0,0,0,226311,333709,-163363,0,0,0,0,0,0,0,0,0,0,0,0,-828.227,-82923.8,0,0,0,0,0,119103,-119103],
[121534,-122362,2430.67,0,0,0,56577.7,0,0,0,0,0,0,0,0,-1154.65,-4.84879e-12,120258,0,0,0,0,0,0,0,0,0,0,0,0,-1154.65,-116672,56577.7,0,0,0,0,0,0,0,0,0,-112001,-163363,173188,0,0,0,0,0,0,0,0,0,0,0,0,-90264.4,81267.3,-4861.35,0,0,0,0,0,0],
[0,0,0,-28319.1,40010.1,28319.1,0,0,0,-142015,21044.8,-24351.5,40398,-41214.5,-816.533,1163.64,-27746.8,-60298.5,0,0,0,0,0,0,-8735.04,-28897,56638.1,197.818,-783.516,585.698,0,0,0,68131.4,-89951.9,-10468.9,-28319.1,-28897,6549.37,0,0,0,0,0,0,407113,-67083.4,-119864,0,0,0,37.19,80020.2,-41214.5,0,0,0,0,-1511.19,278.225,0,0,0,0,0,0],
[0,0,0,-2.95229e-14,577.94,0,0,0,0,22237,-39193.6,66437.9,40010.1,-39424.4,-585.698,-19006.1,-56189.1,644.718,0,0,0,0,0,0,28129,1155.88,-29284.9,-29284.9,1171.4,-585.698,0,0,0,-190.061,21194.1,38125.5,5.09015e-16,-38615.6,-1091.07,0,0,0,0,0,0,-67083.4,138759,-16930,0,0,0,-1155.88,-19006.1,-816.533,0,0,0,0,278.225,-278.225,0,0,0,0,0,0],
[0,0,0,28319.1,816.533,-29135.6,0,0,0,24039.7,-37.6892,-28936,28699.2,-112548,-28376,-29284.9,28699.2,26835.3,0,0,0,0,0,0,-7.38072e-13,577.94,-577.94,76792.4,-29672.8,29284.9,0,0,0,1394.47,-1125.95,-822.549,0,28319.1,-29683.6,0,0,0,0,0,0,-119864,-16930,236932,0,0,0,1.44658e-12,-61014.1,40010.1,0,0,0,-42888.7,-59832.7,40010.1,0,0,0,0,0,0],
[0,0,0,0,0,0,-3306.44,0,-2340.29,0,0,0,0,0,0,0,0,0,0,0,0,0,0,0,0,0,0,0,0,0,3487.04,0,-3487.04,0,0,0,0,0,0,0,0,0,0,0,0,0,0,0,13953.5,0,-7340.63,0,0,0,0,0,0,0,0,0,-4926.6,7266.89,-3306.44,0,0,0],
[0,0,0,0,0,0,86385.6,126729,-241403,0,0,0,0,0,0,0,0,0,-170865,0,-8.72801e-12,0,0,0,0,0,0,0,0,0,0,-170865,0,0,0,0,0,0,0,0,0,0,0,0,0,0,0,0,0,458851,-374372,0,0,0,0,0,0,0,0,0,0,114674,170865,0,0,0],
[0,0,0,0,0,0,-174352,-241403,241403,0,0,0,0,0,0,0,0,0,170865,0,3487.04,0,0,0,0,0,0,0,0,0,-3487.04,0,3487.04,0,0,0,0,0,0,0,0,0,0,0,0,0,0,0,-7340.63,-374372,383369,0,0,0,0,0,0,0,0,0,0,0,-1656.45,0,0,0],
[0,0,0,2.28665e-12,-3645.85,-2.10041e-12,0,0,0,0,0,0,0,0,0,0,0,0,0,0,0,0,0,0,0,0,0,-86001.9,0,86001.9,0,0,0,0,0,0,-3.21105e-15,-3645.85,1731.89,0,-58117.3,56954.9,0,0,0,111.446,-3463.79,4.33491e-12,0,0,0,53053.8,-1620.45,-41358.8,0,0,0,0,0,0,0,0,0,0,0,0],
[0,0,0,-58117.3,1162.35,56954.9,0,0,0,-84914.5,-82642.9,-124099,0,0,0,0,0,0,0,0,0,0,0,0,0,0,0,119897,1755.14,2446.88,0,0,0,0,0,0,-822.705,-56954.9,56954.9,-3694.78,1162.35,2.8708e-12,0,0,0,239794,-56954.9,-182839,0,0,0,-1620.45,259980,-87447,0,0,0,0,0,0,0,0,0,0,0,0],
[0,0,0,56954.9,0,-56954.9,0,0,0,-1656.45,-3645.85,4893.75,0,0,0,0,0,0,0,0,0,0,0,0,0,0,0,86001.9,2.53792e-28,-88448.8,0,0,0,0,0,0,-1162.35,-3645.85,3609.22,0,56954.9,-56954.9,0,0,0,-123506,-2446.88,119897,0,0,0,-41358.8,-87447,138916,0,0,0,0,0,0,0,0,0,0,0,0],
[0,0,0,0,0,0,0,0,0,2309.3,113155,-199944,0,0,0,0,0,0,0,0,0,0,0,0,0,0,0,-409071,170865,238206,0,0,0,0,0,0,0,0,0,0,-164191,-1656.45,0,0,0,0,0,0,0,0,0,0,0,0,250327,-113155,113155,0,0,0,0,0,0,0,0,0],
[0,0,0,0,0,0,0,0,0,0,0,113155,0,0,0,0,0,0,0,0,0,0,0,0,0,0,0,238206,-233345,0,0,0,0,0,0,0,0,0,0,0,0,-7340.63,0,0,0,0,0,0,0,0,0,0,0,0,-113155,171532,-169052,0,0,0,0,0,0,0,0,0],
[0,0,0,0,0,0,0,0,0,0,0,-113155,-7340.63,0,4861.35,0,0,0,0,0,0,0,0,0,0,0,0,-243067,234986,0,0,0,0,0,0,0,0,0,0,0,0,4861.35,0,0,0,0,0,0,0,0,0,0,0,0,113155,-169052,174751,0,0,0,0,0,0,0,0,0],
[-458.103,219000,-139140,0,0,0,0,0,0,0,0,0,-56954.9,113910,0,65878.2,-18600.9,-30606.6,0,0,0,0,0,0,0,0,0,-37718.5,0,0,40913.7,-137430,-36041.4,0,0,0,0,0,0,0,0,0,769.765,-552.151,-60176.3,0,0,-85114.6,0,0,0,0,0,0,0,0,0,260114,55426.1,-153218,0,0,0,0,0,0],
[79402,-1620.45,-79402,0,0,0,0,0,0,0,0,0,-77781.5,158804,0,40027.8,-76206.7,-39258,0,0,0,0,0,0,0,0,0,-54730.4,0,0,769.765,1677.11,36041.4,0,0,0,0,0,0,0,0,0,-38488.3,-55282.5,54178.2,-2999.03,552.151,-118741,0,0,0,0,0,0,0,0,0,55426.1,226024,-108392,0,0,0,0,0,0],
[-125864,-204193,203120,0,0,0,0,0,0,0,0,0,2.04202e-12,-78333.7,0,-39258,78138.8,-20398.8,0,0,0,0,0,0,0,0,0,-2446.88,0,-1620.45,57507.1,79397.1,-2172.6,0,0,0,0,0,0,0,0,0,0,0,-3240.9,552.151,-552.151,79402,0,0,0,0,0,0,0,0,0,-153218,-108392,241574,0,0,0,0,0,0],
[0,0,0,0,0,0,-49763.2,-69662.1,-668.655,0,0,0,0,0,0,42946.1,-66196.8,-1337.31,-3.34727e-14,3.34727e-14,0,47410.9,6.23429e-13,-944.698,0,0,0,0,0,0,996.296,-49814.8,-2403.9,32693.8,35509,48870.1,0,0,0,0,0,0,0,0,0,0,0,0,-1407.6,0,0,0,0,0,0,0,0,0,0,0,144005,-83979.2,-26253.1,0,0,0],
[0,0,0,0,0,0,39122.7,56527.8,-101471,0,0,0,0,0,0,-12934.3,36876.9,-69917.1,1664.95,-668.655,-49814.8,-97637,-5.64319e-13,-106963,0,0,0,0,0,0,49814.8,-166609,-996.296,32764.1,32764.1,48818.5,0,0,0,0,0,0,0,0,0,0,0,0,2076.25,32764.1,0,0,0,0,0,0,0,0,0,0,-83979.2,424848,-67050.9,0,0,0],
[0,0,0,0,0,0,-46877.5,-70380,668.655,0,0,0,0,0,0,-24733.2,-3444.19,69167.8,-996.296,0,1.40511e-13,48818.5,-996.296,1992.59,0,0,0,0,0,0,-1992.59,-57148.7,1047.89,-33432.7,-33432.7,-50288.1,0,0,0,0,0,0,0,0,0,0,0,0,-944.698,48818.5,-473.273,0,0,0,0,0,0,0,0,0,-26253.1,-67050.9,247930,0,0,0],
[0,0,0,0,0,0,0,0,0,0,0,0,0,0,0,0,0,0,0,0,0,0,0,0,0,0,0,0,0,0,0,0,-6974.07,0,0,0,0,0,0,0,0,0,6974.07,0,0,0,0,0,0,0,0,0,0,0,0,0,0,0,0,0,0,0,0,3312.91,0,-3312.91],
[0,-476412,0,0,0,0,0,0,0,0,0,0,0,0,0,0,0,0,0,0,0,0,0,0,0,0,0,0,0,0,0,-341729,0,0,0,0,0,0,0,0,0,0,341729,476412,0,0,0,0,0,0,0,0,0,0,0,0,0,0,0,0,0,0,0,0,748744,-748744],
[-9722.69,486135,-6438.87,0,0,0,0,0,0,0,0,0,0,0,0,0,0,0,0,0,0,0,0,0,0,0,0,0,0,0,0,341729,6974.07,0,0,0,0,0,0,0,0,0,-348704,-476412,0,0,0,0,0,0,0,0,0,0,0,0,0,0,0,0,0,0,0,-3312.91,-748744,758496]])





np.array([[174462,138288,-62611.5,4096.62,-1.38537e-12,-24409.3,-48165.3,-16495,0,-36665.3,459.919,-36708.2,0,0,0,0,0,0,0,0,0,0,0,0,0,0,0,16495,23455.9,-25553.2,0,0,0,7920.88,-29689.7,-37488.1,-34225.7,83542.4,-25601.9,-56739.4,40904.2,0,0,0,0,0,0,0,0,0,0,-1944.22,-11466.2,-41862.3,0,0,0,0,0,0],
[138288,228859,-70367.6,-1207.27,-329.899,-22489.5,-70367.6,-23692.5,0,-49155,659.799,-32660,0,0,0,0,0,0,0,0,0,0,0,0,0,0,0,-16495,-23692.5,23455.9,0,0,0,5408.63,-30758.4,-39314.3,34029.4,22454.8,-33334.9,-80941.2,57485.3,0,0,0,0,0,0,0,0,0,0,329.899,1369.38,-17534.4,0,0,0,0,0,0],
[-62611.5,-70367.6,191847,-39620.9,1.97e-12,34029.4,-72465,-23455.9,-1388.96,48495.2,498.148,47997.1,0,0,0,0,0,0,0,0,0,0,0,0,0,0,0,0,0,-1388.96,0,0,0,-58509.7,24134.9,-15505.3,-459.919,459.919,-459.919,-34723.9,34487.3,694.478,0,0,0,0,0,0,0,0,0,-1119.72,-34029.4,33462.9,0,0,0,0,0,0],
[4131.8,-1217.64,-39961.2,236912,-79799.7,-23612.7,7988.91,332.732,24618.9,-15971.2,-22976.7,-9340.78,8810.76,-24788.6,48585.6,0,-700.442,35022.1,0,0,0,0,-16636.6,16303.9,0,0,0,0,0,0,0,0,0,-21744.5,-1270.81,-53927,0,0,0,0,0,0,0,0,0,-24292.8,-700.442,16817.6,0,0,0,0,0,0,0,0,0,-13372.7,-57337,8126.27],
[-1.39727e-12,-332.732,1.98692e-12,-79799.7,131970,-1750.82,0,835.158,502.426,-49244.4,-73629.3,24307.6,24795.2,658.81,-25454,0,0,0,0,0,0,-1057.67,332.732,0,0,0,0,0,0,0,0,0,0,33988.9,-34321.7,-1004.85,0,0,0,0,0,0,0,0,0,0,-33621.2,-35722.5,0,0,0,0,0,0,0,0,0,35524.5,34484.7,48538.8],
[-24618.9,-22682.6,34321.7,-23612.7,-1750.82,38386.9,24618.9,-665.465,-25121.3,-3.85122e-13,-5.55217e-13,23218,3.92981e-13,495.771,-495.771,0,700.442,-700.442,0,0,0,0,16303.9,-16303.9,0,0,0,0,0,0,0,0,0,-1397.83,-17201,-907.86,0,0,0,0,0,0,0,0,0,0,0,-700.442,0,0,0,0,0,0,0,0,0,726.118,-1435.96,-1176.62],
[-134863,-197029,-202902,22178.5,0,68345.9,787402,-85397.6,-295609,0,0,0,0,0,0,0,0,0,0,0,0,1394.81,190565,-97226.9,0,0,0,0,0,0,0,0,0,191586,-263174,181590,0,0,0,99171.4,-97226.9,-3232.31,-163628,95282.4,-97226.9,0,0,0,0,0,0,0,0,0,0,0,0,0,0,0],
[-46185.9,-66339,-65676.5,923.718,2318.53,-1847.44,-85397.6,220026,-662.582,0,0,0,0,0,0,0,0,0,0,0,0,-2789.63,0,-1944.54,0,0,0,0,0,0,0,0,0,923.718,3713.35,-26064.8,0,0,0,95282.4,-95282.4,0,68345.9,-93337.8,93994.6,0,0,0,0,0,0,0,0,0,0,0,0,0,0,0],
[0,0,-3889.08,68345.9,1394.81,-69740.7,-295609,-662.582,303398,0,0,0,0,0,0,0,0,0,0,0,0,0,-190565,95282.4,0,0,0,0,0,0,0,0,0,1287.77,64375.5,-67613.7,0,0,0,1287.77,-1287.77,-1287.77,95282.4,0,0,0,0,0,0,0,0,0,0,0,0,0,0,0,0,0],
[-23545.1,-31565.5,31141.8,-10168.8,-31353.7,-2.45205e-13,0,0,0,150954,174486,-61380.3,-33322.4,-2.30401e-13,-15467.1,0,0,0,-7647.26,0,-8311.76,0,0,0,-7347.96,-299.307,-24078.2,-7749.91,-10592.5,10380.6,0,0,0,-46608.9,16210.7,-319.892,0,0,0,0,0,0,0,0,0,0,0,0,-598.615,12694.5,-30634.9,15990.4,15051.9,-108.043,-299.307,7819.84,-15782.8,-37425.5,8291.72,-38414.5],
[295.343,423.698,319.892,-14629.1,-46879.4,-3.53504e-13,0,0,0,174486,326707,-108117,-62971.2,211.849,-44173.1,0,0,0,-10592.5,211.849,-10380.6,0,0,0,-11256.9,211.849,-42847.8,0,211.849,0,0,0,0,-52381.8,5952.21,0,0,0,0,0,0,0,0,0,0,0,0,0,-218.524,7529.02,-44150.8,-3.74557e-14,87855.7,-21280.4,0,11471.8,-21852.4,-67865,19446.8,-75738.6],
[-23572.7,-20973.1,30821.9,-5947.23,15476.5,14782.8,0,0,0,-61380.3,-108117,96996.8,25645.3,1.06378e-13,21852.4,0,0,0,10380.6,0,10380.6,0,0,0,10380.6,0,32233,0,0,0,0,0,0,7432.8,-23665.4,445.968,0,0,0,0,0,0,0,0,0,0,0,0,-423.698,-43854.8,22064.3,0,1.83533e-12,639.784,-211.849,-21852.4,21852.4,22061.9,-44253.9,10804.3],
[0,0,0,20657,58132.9,9.21352e-13,0,0,0,-122704,-231881,94434.3,178703,-2999.03,52286,0,0,0,0,0,0,0,0,0,-1560.2,780.098,39004.9,0,0,0,0,0,0,0,0,0,0,0,0,0,0,0,0,0,0,-1102.15,-39004.9,-38224.8,0,0,0,0,0,0,0,0,0,94317.6,-100840,-1.8427e-14],
[0,0,0,-58117.3,1544.59,1162.35,0,0,0,-8.48412e-13,780.098,3.9172e-13,-2999.03,36992.9,-31789.6,-1102.15,0,-39004.9,0,0,0,0,0,0,1560.2,-780.098,-780.098,0,0,0,0,0,0,0,0,0,0,0,0,0,0,0,0,0,0,-322.05,37444.7,56954.9,0,0,0,0,0,0,0,0,0,780.098,-5.11942e-12,-2324.69],
[0,0,0,113910,-59677.5,-1162.35,0,0,0,-56954.9,-162660,80467.8,52286,-31789.6,191353,0,0,38224.8,0,0,0,0,0,0,0,0,56954.9,0,0,0,0,0,0,0,0,0,0,0,0,0,0,0,0,0,0,1102.15,780.098,-18730.1,0,0,0,0,0,0,0,0,0,-41209.2,-165220,2324.69],
[0,0,0,0,0,0,0,0,0,0,0,0,0,-6612.88,0,6612.88,0,4680.59,0,0,0,0,0,0,0,0,0,0,0,0,0,0,0,0,0,0,0,0,0,0,0,0,0,0,0,-4680.59,0,0,0,0,0,0,0,0,0,0,0,0,0,0],
[0,0,0,-9853.2,0,9853.2,0,0,0,0,0,0,0,0,0,0,14681.3,-14681.3,0,0,0,0,0,0,0,0,0,0,0,0,0,0,0,0,0,0,0,0,0,0,0,0,0,0,0,0,0,0,0,0,0,0,0,0,0,0,0,0,0,0],
[0,0,0,492660,0,-9853.2,0,0,0,0,0,0,0,-234029,229349,4680.59,-14681.3,355251,0,0,0,0,0,0,0,0,0,0,0,0,0,0,0,0,0,0,0,0,0,0,0,0,0,0,0,-3312.91,-337257,-482807,0,0,0,0,0,0,0,0,0,0,0,0],
[0,0,0,0,0,0,0,0,0,-84479.2,-117015,114674,0,0,0,0,0,0,98432.7,-6612.88,-7340.63,0,0,0,-2340.29,2340.29,0,0,0,0,0,0,0,0,0,0,0,0,0,0,0,0,0,0,0,0,0,0,0,5827.33,-3487.04,0,0,0,0,-170865,170865,0,0,0],
[0,0,0,0,0,0,0,0,0,0,2340.29,0,0,0,0,0,0,0,-6612.88,6612.88,0,0,0,0,2340.29,-2340.29,0,0,0,0,0,0,0,0,0,0,0,0,0,0,0,0,0,0,0,0,0,0,0,-2340.29,0,0,0,0,0,0,0,0,0,0],
[0,0,0,0,0,0,0,0,0,-91819.8,-114674,114674,0,0,0,0,0,0,-7340.63,0,99160.4,0,0,0,0,0,170865,0,0,0,0,0,0,0,0,0,0,0,0,0,0,0,0,0,0,0,0,0,0,-174352,9.83577e-13,0,0,0,0,0,3487.04,0,0,0],
[0,0,0,0,-7340.63,0,3487.04,-6974.07,0,0,0,0,0,0,0,0,0,0,0,0,0,14681.3,0,0,0,0,0,0,0,0,0,0,0,0,-7340.63,3487.04,0,0,0,0,0,0,0,0,0,0,0,0,0,0,0,0,0,0,0,0,0,0,0,0],
[0,0,0,-115465,2309.3,113155,476412,0,-476412,0,0,0,0,0,0,0,0,0,0,0,0,0,330039,-164191,0,0,0,0,0,0,0,0,0,-1656.45,-113155,113155,0,0,0,0,0,0,-164191,0,0,0,0,0,0,0,0,0,0,0,0,0,0,0,0,0],
[0,0,0,113155,0,-113155,-243067,-4861.35,238206,0,0,0,0,0,0,0,0,0,0,0,0,0,-164191,180529,0,0,0,0,0,0,0,0,0,-2309.3,-7340.63,7170.64,0,0,0,0,0,0,-1656.45,-7340.63,4861.35,0,0,0,0,0,0,0,0,0,0,0,0,0,0,0],
[0,0,0,0,0,0,0,0,0,-54115.2,-82903.5,76449.6,-3120.39,3120.39,0,0,0,0,-1560.2,1560.2,0,0,0,0,78232.7,-7717.19,-8222.24,0,0,0,0,0,0,0,0,0,0,0,0,0,0,0,0,0,0,0,0,0,-3284.4,-113910,113910,0,0,0,0,0,0,76449.6,-72564.7,-2324.69],
[0,0,0,0,0,0,0,0,0,-2204.29,1560.2,0,1560.2,-1560.2,0,0,0,0,1560.2,-1560.2,0,0,0,0,-7717.19,5512.89,4408.59,0,0,0,0,0,0,0,0,0,0,0,0,0,0,0,0,0,0,0,0,0,0,0,0,0,0,0,0,0,0,2.30693e-13,-1560.2,0],
[0,0,0,0,0,0,0,0,0,-177327,-315559,237385,78009.8,-1560.2,113910,0,0,0,0,0,113910,0,0,0,-8222.24,4408.59,322301,0,0,0,0,0,0,0,0,0,0,0,0,0,0,0,0,0,0,0,0,0,-2204.29,-249581,2324.69,0,0,0,0,0,0,1.15347e-11,-117795,-6.55718e-13],
[76976.5,-76976.5,0,0,0,0,0,0,0,-56319.4,0,0,0,0,0,0,0,0,0,0,0,0,0,0,0,0,0,178145,226311,-149334,2324.69,113910,-116235,0,0,0,-113910,36933.3,0,0,0,0,0,0,0,0,0,0,0,0,0,-118202,59736.7,-63359.5,0,0,0,0,0,0],
[109461,-110565,0,0,0,0,0,0,0,-76976.5,1539.53,0,0,0,0,0,0,0,0,0,0,0,0,0,0,0,0,226311,329487,-218922,0,158804,-158804,0,0,0,-158804,49343.2,0,0,0,0,0,0,0,0,0,0,0,0,0,-158804,83367,-75437,0,0,0,0,0,0],
[-119248,109461,-6481.79,0,0,0,0,0,0,75437,0,0,0,0,0,0,0,0,0,0,0,0,0,0,0,0,0,-149334,-218922,229813,0,0,0,0,0,0,162045,-163149,3240.9,0,0,0,0,0,0,0,0,0,0,0,0,160505,-158804,75437,0,0,0,0,0,0],
[0,0,0,0,0,0,0,0,0,0,0,0,0,0,0,0,0,0,0,0,0,0,0,0,0,0,0,6974.07,0,0,3312.91,0,-3312.91,0,0,0,0,0,0,0,0,0,0,0,0,0,0,0,0,0,0,0,0,-6974.07,0,0,0,0,0,0],
[0,0,0,0,0,0,0,0,0,0,0,0,0,0,0,0,0,0,0,0,0,0,0,0,0,0,0,341730,476412,0,0,748744,-748744,0,0,0,0,-476412,0,0,0,0,0,0,0,0,0,0,0,0,0,0,-341730,0,0,0,0,0,0,0],
[0,0,0,0,0,0,0,0,0,0,0,0,0,0,0,0,0,0,0,0,0,0,0,0,0,0,0,-348704,-476412,0,-3312.91,-748744,758496,0,0,0,-9722.69,486135,-6438.87,0,0,0,0,0,0,0,0,0,0,0,0,0,341730,6974.07,0,0,0,0,0,0],
[5061.89,3456.42,-37391,-13777.7,21535.9,-885.689,43726.4,210.824,293.914,-46383.5,-52128.4,7396.85,0,0,0,0,0,0,0,0,0,0,-151.224,-210.824,0,0,0,0,0,0,0,0,0,94276.2,-56852.6,14803.5,1.13397e-13,7396.85,-443.811,210.824,-7.92888e-06,0,210.824,0,0,10330.4,0,-15190.8,0,0,0,-443.811,-17727.2,6953.04,0,0,0,0,20871.6,4851.07],
[-18973.4,-19656.4,15423.6,-805.205,-21746.7,-10898.8,-60065.3,847.514,14692.7,16132.3,5923.42,-23550.9,0,0,0,0,0,0,0,0,0,-670.154,-10330.4,-670.154,0,0,0,0,0,0,0,0,0,-56852.6,134757,9869.45,-3.40192e-13,-37345.6,15598.9,20450,-9801.23,-318.345,10330.4,0,0,0,0,0,0,0,0,865.46,16641.3,15004.5,0,0,0,632.473,10433.7,-15917.2],
[-23957.1,-25124.1,-9908.75,-34169,-636.69,-575.234,41445.1,-5948.9,-15431.8,-318.345,0,443.811,0,0,0,0,0,0,0,0,0,318.345,10330.4,654.635,0,0,0,0,0,0,0,0,0,14803.5,9869.45,77041.2,-318.345,-11196.7,-269.484,15598.9,-16338.9,318.345,-18253.6,10330.4,-10330.4,15392.3,0,-21746.7,0,0,0,-881.743,15297.1,-1045.45,0,0,0,0,-314.128,-15078.2],
[-79860.1,79402,-1073.14,0,0,0,0,0,0,0,0,0,0,0,0,0,0,0,0,0,0,0,0,0,0,0,0,-56954.9,-79402,81022.4,0,0,-1620.45,4.14038e-13,-1.24211e-12,-1162.35,130519,-128311,484.987,0,0,0,0,0,0,0,0,0,0,0,0,1162.35,-9.09149e-13,55792.6,0,0,0,0,0,0],
[194932,52394.5,1073.14,0,0,0,0,0,0,0,0,0,0,0,0,0,0,0,0,0,0,0,0,0,0,0,0,18466.7,24671.6,-81574.6,0,-79402,81022.4,27007.5,-136357,-40881.5,-128311,355183,-131256,-162045,82642.9,-2146.29,0,0,0,0,0,0,0,0,0,769.765,-18074.1,-58117.3,0,0,0,0,0,0],
[-59737.7,-77781.5,-1073.14,0,0,0,0,0,0,0,0,0,0,0,0,0,0,0,0,0,0,0,0,0,0,0,0,0,0,1620.45,0,0,-1073.14,-1620.45,56954.9,-983.944,484.987,-131256,133990,160424,-81022.4,1073.14,0,0,0,0,0,0,0,0,0,-1162.35,-1162.35,2324.69,0,0,0,0,0,0],
[-264784,-377725,-162045,0,0,0,165286,158804,2146.29,0,0,0,0,0,0,0,0,0,0,0,0,0,0,0,0,0,0,0,0,0,0,0,0,1539.53,149334,113910,0,-324090,320849,700463,-476647,-2146.29,0,0,-4893.75,0,0,0,0,0,0,0,0,0,0,0,0,0,0,0],
[190886,268265,160941,0,0,0,-162045,-158804,-2146.29,0,0,0,0,0,0,0,0,0,0,0,0,0,0,0,0,0,0,0,0,0,0,0,0,-5.79e-05,-71572.8,-119314,0,165286,-162045,-476647,369395,-2198.91,0,0,0,0,0,0,0,0,0,0,0,0,0,0,0,0,0,0],
[0,0,3240.9,0,0,0,-5387.19,0,-2146.29,0,0,0,0,0,0,0,0,0,0,0,0,0,0,0,0,0,0,0,0,0,0,0,0,0,-2324.69,2324.69,0,-4292.58,2146.29,-2146.29,-2198.91,7543.17,0,0,3240.9,0,0,0,0,0,0,0,0,0,0,0,0,0,0,0],
[0,0,0,0,0,0,-409071,170865,238206,0,0,0,0,0,0,0,0,0,0,0,0,0,-164191,-1656.45,0,0,0,0,0,0,0,0,0,2309.3,113155,-199944,0,0,0,0,0,0,250327,-113155,113155,0,0,0,0,0,0,0,0,0,0,0,0,0,0,0],
[0,0,0,0,0,0,238206,-233345,0,0,0,0,0,0,0,0,0,0,0,0,0,0,0,-7340.63,0,0,0,0,0,0,0,0,0,0,0,113155,0,0,0,0,0,0,-113155,171532,-169052,0,0,0,0,0,0,0,0,0,0,0,0,0,0,0],
[0,0,0,0,0,0,-243067,234986,0,0,0,0,0,0,0,0,0,0,0,0,0,0,0,4861.35,0,0,0,0,0,0,0,0,0,0,0,-113155,0,0,0,-7340.63,0,4861.35,113155,-169052,174751,0,0,0,0,0,0,0,0,0,0,0,0,0,0,0],
[0,0,0,-113910,0,0,0,0,0,0,0,0,-2204.29,-644.099,2204.29,-1560.2,0,-1104.3,0,0,0,0,0,0,0,0,0,0,0,0,0,0,0,76449.6,0,113910,0,0,0,0,0,0,0,0,0,59628,1560.2,-76449.6,0,0,0,0,0,0,0,0,0,-1560.2,0,-56319.4],
[0,0,0,-3284.4,-157651,0,0,0,0,0,0,0,-78009.8,74889.4,1560.2,0,0,-112419,0,0,0,0,0,0,0,0,0,0,0,0,0,0,0,0,0,0,0,0,0,0,0,0,0,0,0,1560.2,230836,268461,0,0,0,0,0,0,0,0,0,-113523,-112419,0],
[0,0,0,78858.4,-167504,-3284.4,0,0,0,0,0,0,-76449.6,113910,-37460.3,0,0,-160936,0,0,0,0,0,0,0,0,0,0,0,0,0,0,0,-112419,0,-160936,0,0,0,0,0,0,0,0,0,-76449.6,268461,484207,0,0,0,0,0,0,0,0,0,-117313,-112419,79734],
[0,0,0,0,0,0,0,0,0,-2645.15,-965.613,-1872.23,0,0,0,0,0,0,0,0,0,0,0,0,-1970.64,0,-1322.58,0,0,0,0,0,0,0,0,0,0,0,0,0,0,0,0,0,0,0,0,0,16744.2,-1613.68,-2962.7,1394.81,0,-3365.45,-1970.64,0,0,-1970.64,3842.87,-1322.58],
[0,0,0,0,0,0,0,0,0,56094.3,33269.2,-193785,0,0,0,0,0,0,2330.93,-936.117,-69740.7,0,0,0,-68345.9,0,-149749,0,0,0,0,0,0,0,0,0,0,0,0,0,0,0,0,0,0,0,0,0,-1613.68,406987,-57143.4,0,-164907,0,2906.76,45869.7,0,-52662.2,144402,67023.3],
[0,0,0,0,0,0,0,0,0,-135369,-195093,97497.4,0,0,0,0,0,0,-1394.81,0,3.93431e-13,0,0,0,68345.9,0,1394.81,0,0,0,0,0,0,0,0,0,0,0,0,0,0,0,0,0,0,0,0,0,-2962.7,-57143.4,309712,-1394.81,-149749,72.2377,-1322.58,68345.9,-662.582,98532,-99468.1,659.995],
[-1953.46,331.467,-1125.04,0,0,0,0,0,0,25019.2,-5.86046e-14,0,0,0,0,0,0,0,0,0,0,0,0,0,0,0,0,-25449.5,-34191.2,34557.5,0,0,0,-697.779,1360.71,-1386.32,500.516,331.467,-500.516,0,0,0,0,0,0,0,0,0,493.886,0,-493.886,58649,-54660.1,-291.995,493.886,0,-493.886,5.86046e-14,0,-493.886],
[-11520.7,1375.89,-34191.2,0,0,0,0,0,0,23550.8,137462,2.87163e-12,0,0,0,0,0,0,0,0,0,0,0,0,0,0,0,12861.6,17949.3,-34191.2,0,-24525.3,24525.3,-27871.5,26164.2,24050.8,-3.91487e-13,-7782.85,-500.516,0,0,0,0,0,0,0,0,0,0,-58391.6,-53024.2,-54660.1,246637,-36476,0,-24200.4,0,-34888.9,-58391.6,-53960.8],
[-42061.3,-17617.8,33621.9,0,0,0,0,0,0,-169.048,-33296.1,1001.03,0,0,0,0,0,0,0,0,0,0,0,0,0,0,0,-13641.6,-16241.9,16241.9,-500.516,0,500.516,10931.9,23590.8,-1643.7,24024.8,-25025.8,1001.03,0,0,0,0,0,0,0,0,0,-1191.66,0,25.5785,-291.995,-36476,54158,-493.886,0,493.886,-697.779,24200.4,-442.729],
[0,0,0,0,0,0,0,0,0,-3306.44,0,-2340.29,0,0,0,0,0,0,0,0,0,0,0,0,0,0,0,0,0,0,0,0,0,0,0,0,0,0,0,0,0,0,0,0,0,0,0,0,-4926.6,7266.89,-3306.44,3487.04,0,-3487.04,13953.5,0,-7340.63,0,0,0],
[0,0,0,0,0,0,0,0,0,86385.6,126729,-241403,0,0,0,0,0,0,-170865,0,0,0,0,0,0,0,0,0,0,0,0,0,0,0,0,0,0,0,0,0,0,0,0,0,0,0,0,0,0,114674,170865,0,-170865,0,0,458851,-374372,0,0,0],
[0,0,0,0,0,0,0,0,0,-174352,-241403,241403,0,0,0,0,0,0,170865,0,3487.04,0,0,0,0,0,0,0,0,0,0,0,0,0,0,0,0,0,0,0,0,0,0,0,0,0,0,0,0,0,-1656.45,-3487.04,0,3487.04,-7340.63,-374372,383369,0,0,0],
[0,0,0,-13436.8,35694.8,729.599,0,0,0,-59062.7,-107100,34816.8,40421.8,334.328,-17661.1,0,0,0,0,0,0,0,0,0,16382,4.94342e-14,2.47171e-12,0,0,0,0,0,0,0,1002.98,0,0,0,0,0,0,0,0,0,0,-334.328,-24326.4,-25138.5,-703.8,-18807.9,35190,5.91103e-14,-35190,-703.8,0,0,0,97991.8,4480.12,35421.4],
[0,0,0,-57611.9,34650,-1442.85,0,0,0,13085.5,30689.8,-69838.8,-43217.2,-2.19404e-12,-70808.5,0,0,0,0,0,0,0,0,0,-15549.6,-334.328,-25241.7,0,0,0,0,0,0,33098.4,16545.9,-498.148,0,0,0,0,0,0,0,0,0,0,-24089.8,-24089.8,1372.45,51572,-35524.3,0,-58895.4,24409.3,0,0,0,4480.12,184672,32566.4],
[0,0,0,8165.23,48771.5,-1182.26,0,0,0,-60623.5,-119526,17050.7,-7.89731e-15,-996.296,996.296,0,0,0,0,0,0,0,0,0,-498.148,0,-1.40511e-13,0,0,0,0,0,0,7692.88,-25241.7,-23911.1,0,0,0,0,0,0,0,0,0,-12068.5,0,17085.8,-472.349,23936.9,235.712,-498.148,-54426.4,-446.55,0,0,0,35421.4,32566.4,107968]])





np.array([[8581.09,-1.50368e-12,-5340.2,-2446.88,3609.22,-1620.45,1731.89,0,-1731.89,0,0,0,0,0,0,-1620.45,2.02019e-12,-1162.35,0,0,0,0,0,0,0,0,0,1755.14,2.98948e-12,-1755.14,0,0,0,0,0,0,0,0,0,0,0,0,0,0,-1731.89,0,0,0,0,0,0,0,0,0,1731.89,0,0,0,0,0,0,0,0,0,0,0],
[-1.50368e-12,604474,-374372,-122344,59401.8,84359.7,0,-84862.8,0,0,0,0,0,0,0,43480.7,62942.1,-119897,0,0,0,0,0,0,0,0,0,1.02961e-12,-86001.9,1.99745e-12,0,0,0,0,0,0,0,0,0,0,0,0,0,-204760,-185938,0,0,0,0,0,0,0,0,0,83723.7,239794,5.03492e-12,0,0,0,0,0,0,0,0,0],
[-5340.2,-374372,382188,119897,-1.02753e-11,-833.748,-1731.89,0,1731.89,0,0,0,0,0,0,-87757.1,-119897,119897,0,0,0,0,0,0,0,0,0,-1755.14,0,1755.14,0,0,0,0,0,0,0,0,0,0,0,0,-2446.88,84862.8,89.6949,0,0,0,0,0,0,0,0,0,-592.796,-117450,1755.14,0,0,0,0,0,0,0,0,0],
[-814.72,-40736,39921.3,161787,-126819,-61787.6,0,0,0,0,0,-850.588,-1629.44,2016.46,-1360.27,-29175,-41151.5,40349,0,0,0,0,0,0,0,0,0,0,0,-814.72,0,0,0,-1741.29,387.018,-1204.18,0,0,0,0,0,0,-27679.6,18963.9,27679.6,0,0,0,0,0,0,576.657,39921.3,61333.9,10248.2,-97027.6,29219.9,584.398,387.018,-584.398,0,0,0,0,0,0],
[1201.74,19778.6,-3.42131e-12,-126819,436472,-90331.6,0,0,0,28256.2,-68177.5,-90743.5,-40736,19778.6,28085.1,-4873.42,-6837.25,-40198.9,0,0,0,0,0,0,0,0,0,4.68377e-13,-68556.8,28635.5,0,0,0,43697.4,20957.4,-39643.7,0,0,0,0,0,0,57476.1,-27679.6,-29219.9,0,0,0,0,0,0,28832.9,11665.1,-91017.4,-371.537,108675,-98635,18963.9,-28051.1,-584.398,0,0,0,0,0,0],
[-539.55,28088.7,-277.608,-61787.6,-90331.6,336444,0,0,0,-29070.9,28256.2,28286.1,39921.3,1.041e-11,-274.042,-43439.3,-59699.9,387.018,0,0,0,0,0,0,0,0,0,-584.398,-62741.6,44.8478,0,0,0,-58439.8,-20957.4,39643.7,0,0,0,0,0,0,28256.2,-1.06916e-14,-28256.2,0,0,0,0,0,0,-29647.6,-51586.4,-33047.9,-29030.2,230.323,70540.3,28051.1,-29606.9,1168.8,0,0,0,0,0,0],
[3487.04,0,-3487.04,0,0,0,13953.5,0,-7340.63,0,0,0,0,0,0,0,0,0,0,0,0,0,0,0,0,0,0,0,0,0,0,0,0,0,0,0,0,0,0,0,0,0,-4926.6,7266.89,-3306.44,0,0,0,0,0,0,0,0,0,-3306.44,0,-2340.29,0,0,0,0,0,0,0,0,0],
[0,-170865,0,0,0,0,0,458851,-374372,0,0,0,0,0,0,0,0,0,0,0,0,0,0,0,0,0,0,0,0,0,0,0,0,0,0,0,0,0,0,0,0,0,0,114674,170865,0,0,0,0,0,0,0,0,0,86385.6,126729,-241403,0,0,0,-170865,0,6.14193e-12,0,0,0],
[-3487.04,0,3487.04,0,0,0,-7340.63,-374372,383369,0,0,0,0,0,0,0,0,0,0,0,0,0,0,0,0,0,0,0,0,0,0,0,0,0,0,0,0,0,0,0,0,0,0,0,-1656.45,0,0,0,0,0,0,0,0,0,-174352,-241403,241403,0,0,0,170865,0,3487.04,0,0,0],
[0,0,0,0,85432.4,-87895.7,0,0,0,95126.2,-42239.6,-83669.1,-143940,86602.5,-1743.52,0,0,0,1743.52,1.03443e-13,0,0,0,0,0,0,0,0,0,0,0,0,0,0,0,0,0,0,0,0,0,0,4.8156e-12,-4.8156e-12,0,0,0,0,0,0,0,40586.4,113344,-1170.15,0,0,0,0,0,0,0,0,0,-1170.15,-61007.5,0],
[0,0,0,0,-206134,85432.4,0,0,0,-42239.6,131052,158443,57337.2,1743.52,0,0,0,0,5.06871e-12,0,-5.06871e-12,0,0,0,0,0,0,0,0,0,0,0,0,0,0,0,0,0,0,0,0,0,-57337.2,57337.2,0,0,0,0,0,0,0,-42239.6,-141651,0,0,0,0,0,0,0,0,0,0,2.55522e-12,-1170.15,-573.372],
[0,0,0,-2571.74,-274362,85522.7,0,0,0,-83669.1,158443,371953,59625.4,-92016.4,1743.52,0,0,0,-123165,2463.3,120702,0,0,0,0,0,0,0,0,0,0,0,0,0,0,0,0,0,0,0,0,0,-87175.9,85432.4,1743.52,0,0,0,0,0,0,-45909.9,-239009,1170.15,0,0,0,0,0,0,0,0,0,-57337.2,115844,573.372],
[0,0,0,-932.44,-23311,22844.8,0,0,0,-27242.9,10852,11285.1,179231,-126770,11031.8,0,0,0,28160,-7709.97,-31092.7,0,0,0,8953.47,39228.4,-28840.6,0,0,0,221.469,-8.32922e-06,0,5230.2,-7177.19,-39279,1.5958e-14,15746.5,-17145.2,69245.3,-23423.9,1268.25,0,0,0,0,0,0,0,0,0,-10743.5,-27885.9,10900.2,-49168.4,-38114.9,12811.5,-2.25109e-29,1.95783e-12,-466.22,0,0,0,15922.5,12177.3,4193.61],
[0,0,0,1153.91,11318.2,5.95706e-12,0,0,0,16390.9,329.989,-17415.6,-126770,219603,31611.7,0,0,0,5781.49,-8492.64,-7709.97,0,0,0,-24494.1,-16383.7,-7216.48,0,0,0,10852,334.419,-334.419,-8549.21,-4743.5,16520.1,-8.2596e-15,-15746.5,15589.7,-69466.8,23179.2,-1110.79,0,0,0,0,0,0,0,0,0,33441.9,-4462.89,-44450.6,60541.6,84515.5,-46272.6,2.68027e-13,-39231.3,16386.5,0,0,0,-17995.7,-33551.3,-53152.5],
[0,0,0,-778.41,16071.6,-156.819,0,0,0,-329.989,0,329.989,11031.8,31611.7,76153.2,0,0,0,7762.99,-11655.5,-11189.3,0,0,0,-17948.8,16810.4,-17282.1,0,0,0,5313.05,-16720.9,-16052.1,-24857.9,-34163,221.469,-8101.84,10852,932.44,15918.9,11160.8,-467.615,0,0,0,0,0,0,0,0,0,-659.979,0,796.209,-334.419,0,1.39619e-13,-334.419,-35903.6,25.6639,0,0,0,7783.51,-8249.73,-7589.14],
[-1287.77,34554.2,-69740.7,-69633.7,-11631.7,-103679,0,0,0,0,0,0,0,0,0,177406,226311,-89600.6,0,0,0,0,0,0,0,0,0,1394.81,136692,-69740.7,0,0,0,923.718,-46185.9,0,0,0,0,0,0,0,0,0,0,0,0,0,0,0,0,0,0,0,-67583.3,33791.7,-36727.9,-113608,68345.9,0,0,0,0,0,0,0],
[1.60545e-12,50020.2,-95282.4,-98218.6,-16318.9,-142489,0,0,0,0,0,0,0,0,0,226311,332644,-132015,0,0,0,0,0,0,0,0,0,-1.1179e-12,190565,-93337.8,0,0,0,662.582,-66339,0,0,0,0,0,0,0,0,0,0,0,0,0,0,0,0,0,0,0,-92371.8,47109.6,-45262.2,-160959,95282.4,0,0,0,0,0,0,0],
[-923.718,-95282.4,95282.4,96303.2,-95944.9,923.718,0,0,0,0,0,0,0,0,0,-89600.6,-132015,139213,0,0,0,0,0,0,0,0,0,0,4.00126e-12,-3.97845e-12,0,0,0,-6535.09,662.582,-3889.08,0,0,0,0,0,0,0,0,0,0,0,0,0,0,0,0,0,0,91448.1,-46185.9,45262.2,5.40784e-12,-662.582,1944.54,0,0,0,0,0,0],
[0,0,0,0,0,0,0,0,0,1394.81,4.05497e-12,-98532,119028,24437.4,32813,0,0,0,172744,-25112,-173152,0,0,0,-33475.5,34870.4,-34870.4,0,0,0,0,0,0,0,0,0,0,0,936.117,0,0,0,0,0,0,0,0,0,-936.117,0,-662.582,0,0,0,0,0,0,0,0,0,0,0,0,83112.3,-84893.6,-17702.7],
[0,0,0,0,0,0,0,0,0,8.27545e-14,0,1970.64,-32588.9,-35897.1,-49266,0,0,0,-25112,142350,125551,0,0,0,20474.7,-115641,47871.2,0,0,0,0,0,0,0,0,0,-33791.7,45869.7,-46805.8,0,0,0,0,0,0,0,0,0,0,0,-67451.4,0,0,0,0,0,0,0,0,0,0,0,0,-23402.9,68336.5,-22466.8],
[0,0,0,0,0,0,0,0,0,0,-4.05497e-12,96561.3,-131424,-32588.9,-47295.3,0,0,0,-173152,125551,337959,0,0,0,-101878,-49266,48690.2,0,0,0,0,0,0,0,0,0,0,0,0,0,0,0,0,0,0,0,0,0,0,0,-96561.3,0,0,0,0,0,0,0,0,0,0,0,0,-90812.7,160095,-45879.1],
[0,0,0,0,0,0,0,0,0,0,0,0,0,0,0,0,0,0,0,0,0,250327,-113155,113155,0,0,0,0,0,0,0,0,0,0,0,0,2309.3,113155,-199944,-409071,170865,238206,0,0,0,0,-164191,-1656.45,0,0,0,0,0,0,0,0,0,0,0,0,0,0,0,0,0,0],
[0,0,0,0,0,0,0,0,0,0,0,0,0,0,0,0,0,0,0,0,0,-113155,171532,-169052,0,0,0,0,0,0,0,0,0,0,0,0,0,0,113155,238206,-233345,0,0,0,0,0,0,-7340.63,0,0,0,0,0,0,0,0,0,0,0,0,0,0,0,0,0,0],
[0,0,0,0,0,0,0,0,0,0,0,0,0,0,0,0,0,0,0,0,0,113155,-169052,174751,0,0,0,0,0,0,-7340.63,0,4861.35,0,0,0,0,0,-113155,-243067,234986,0,0,0,0,0,0,4861.35,0,0,0,0,0,0,0,0,0,0,0,0,0,0,0,0,0,0],
[0,0,0,0,0,0,0,0,0,0,0,0,14466.1,-39575.2,-29000,0,0,0,-12795.9,7826.41,-38942.5,0,0,0,230058,-87759.8,-10244.8,0,0,0,0,0,0,4443.43,-1138.36,-43333,-26266.1,19018.9,-19772.2,-17526.4,26833.5,26475.7,0,0,0,0,-17891.4,17533.6,0,-753.272,37663.6,0,0,0,-41388.8,-50850.6,5055.86,0,0,0,0,0,0,-13511.6,-1401.49,62776.2],
[0,0,0,0,0,0,0,0,0,0,0,0,63381.4,-26471.1,27160.5,0,0,0,13329.1,-44203.6,-18831.8,0,0,0,-87759.8,119113,-45356,0,0,0,0,0,0,-13090.1,-18148.1,-17891.4,26266.1,-19018.9,18478.6,62441,-25577.6,540.321,0,0,0,-1137.44,357.828,-6.21917e-13,0,0,0,0,0,0,715.656,-1073.48,104.558,0,0,0,0,0,0,13336.3,-12620.6,-14044.8],
[0,0,0,0,0,0,0,0,0,0,0,0,-46597.8,-11659.7,-27922.7,0,0,0,-13329.1,18298.6,18611.7,0,0,0,-10244.8,-45356,82312.1,0,0,0,0,0,0,-13385.6,-6859.81,55159.5,-498.855,-357.828,357.828,-9847.43,-715.656,-27016,0,0,0,0,17533.6,-17533.6,0,753.272,-753.272,0,0,0,9005.34,0,16717.1,0,0,0,0,0,0,-12795.9,12795.9,13329.1],
[3487.04,2.04558e-12,-3487.04,0,2.79475e-12,-3487.04,0,0,0,0,0,0,0,0,0,3487.04,-2.79475e-12,0,0,0,0,0,0,0,0,0,0,3312.91,-4.52752e-12,-3312.91,0,0,0,0,0,0,0,0,0,0,0,0,0,0,0,0,0,0,0,0,0,0,0,0,0,0,0,2.04146e-13,-2.04146e-13,1.35196e-13,0,0,0,0,0,0],
[5.93937e-12,-170865,0,0,-409071,-374372,0,0,0,0,0,0,0,0,0,341729,476412,1.00031e-11,0,0,0,0,0,0,0,0,0,-4.52752e-12,751964,-374372,0,0,0,0,0,0,0,0,0,0,0,0,0,0,0,0,0,0,0,0,0,0,0,0,0,0,0,-243067,4861.35,-3219.43,0,0,0,0,0,0],
[-3487.04,3.96843e-12,3487.04,-4861.35,170865,267.602,0,0,0,0,0,0,0,0,0,-174352,-233345,-9.94611e-12,0,0,0,0,0,0,0,0,0,-3312.91,-374372,380905,0,0,0,0,0,0,0,0,0,0,0,0,0,0,0,0,0,0,0,0,0,0,0,0,0,0,0,238206,-2.04146e-11,2.70392e-13,0,0,0,0,0,0],
[0,0,0,0,0,0,0,0,0,0,0,0,1154.65,56577.7,27700,0,0,0,0,0,0,0,0,-3670.32,0,0,0,0,0,0,360374,-192513,119103,-142010,-201199,1.02073e-11,57732.4,-83250.2,-4.14671e-14,-116672,119103,1.26218e-12,0,0,0,0,0,0,0,0,0,0,0,0,0,0,0,0,-121534,119103,0,0,0,0,0,0],
[0,0,0,0,0,0,0,0,0,0,0,0,-4.3425e-05,1743.52,-87175.9,0,0,0,0,0,0,0,0,0,0,0,0,0,0,0,-192513,194169,-3258.9,85432.4,119103,-828.227,-1154.65,1154.65,-4.3062e-14,0,-119103,0,0,0,0,0,0,0,0,0,0,0,0,0,0,0,0,0,2430.67,0,0,0,0,0,0,0],
